[  133619.777406] /dev/input/event5: 0000 0000 00000000
[  133666.683909] /dev/input/event5: 0003 003a 0000000b
[  133666.683909] /dev/input/event5: 0003 0035 00000390
[  133666.683909] /dev/input/event5: 0003 0036 000002db
[  133666.683909] /dev/input/event5: 0003 0039 00000000
[  133666.683909] /dev/input/event5: 0000 0002 00000000
[  133666.683909] /dev/input/event5: 0001 014a 00000001
[  133666.683909] /dev/input/event5: 0000 0000 00000000
[  133666.690804] /dev/input/event5: 0003 003a 0000000c
[  133666.690804] /dev/input/event5: 0003 0035 00000390
[  133666.690804] /dev/input/event5: 0003 0036 000002db
[  133666.690804] /dev/input/event5: 0003 0039 00000000
[  133666.690804] /dev/input/event5: 0000 0002 00000000
[  133666.690804] /dev/input/event5: 0000 0000 00000000
[  133666.722987] /dev/input/event5: 0003 003a 0000000f
[  133666.722987] /dev/input/event5: 0003 0035 00000372
[  133666.722987] /dev/input/event5: 0003 0036 000002de
[  133666.722987] /dev/input/event5: 0003 0039 00000000
[  133666.722987] /dev/input/event5: 0000 0002 00000000
[  133666.722987] /dev/input/event5: 0000 0000 00000000
[  133666.733260] /dev/input/event5: 0003 003a 00000010
[  133666.733260] /dev/input/event5: 0003 0035 00000360
[  133666.733260] /dev/input/event5: 0003 0036 000002e1
[  133666.733260] /dev/input/event5: 0003 0039 00000000
[  133666.733260] /dev/input/event5: 0000 0002 00000000
[  133666.733260] /dev/input/event5: 0000 0000 00000000
[  133666.740576] /dev/input/event5: 0003 003a 0000000f
[  133666.740576] /dev/input/event5: 0003 0035 00000352
[  133666.740576] /dev/input/event5: 0003 0036 000002e3
[  133666.740576] /dev/input/event5: 0003 0039 00000000
[  133666.740576] /dev/input/event5: 0000 0002 00000000
[  133666.740576] /dev/input/event5: 0000 0000 00000000
[  133666.748717] /dev/input/event5: 0003 003a 0000000c
[  133666.748717] /dev/input/event5: 0003 0035 0000033f
[  133666.748717] /dev/input/event5: 0003 0036 000002e6
[  133666.748717] /dev/input/event5: 0003 0039 00000000
[  133666.748717] /dev/input/event5: 0000 0002 00000000
[  133666.748717] /dev/input/event5: 0000 0000 00000000
[  133666.755465] /dev/input/event5: 0000 0002 00000000
[  133666.755465] /dev/input/event5: 0001 014a 00000000
[  133666.755465] /dev/input/event5: 0000 0000 00000000
